A: 1067, (4.42678, 6.52307, 7.48435), 1.42346
B: 1029, (6.41065, 7.63634, 8.91996), 1.28917
C: 1016, (8.65143, 8.56591, 8.51082), 1.48275
D: 984, (6.68912, 7.35834, 7.02141), 1.32451
